image: CRL_02.pgm
resolution: 0.050000
origin: [-11.720376, -1.172558, 0.000000]
negate: 0
occupied_thresh: 0.65
free_thresh: 0.196

