image: CRL_G_01.pgm
resolution: 0.050000
origin: [-3.701916, -15.861931, 0.000000]
negate: 0
occupied_thresh: 0.65
free_thresh: 0.196

