image: CRL_G_03.pgm
resolution: 0.050000
origin: [-8.271894, -12.699840, 0.000000]
negate: 0
occupied_thresh: 0.65
free_thresh: 0.196

