image: CRL_G_Nov16.pgm
resolution: 0.050000
origin: [-2.871825, -15.414139, 0.000000]
negate: 0
occupied_thresh: 0.65
free_thresh: 0.196

