image: CRL_G_Nov18.pgm
resolution: 0.050000
origin: [-9.174513, -9.731424, 0.000000]
negate: 0
occupied_thresh: 0.65
free_thresh: 0.196

