image: map01.pgm
resolution: 0.050000
origin: [-2.714069, -6.528982, 0.000000]
negate: 0
occupied_thresh: 0.65
free_thresh: 0.196

